<?xml version="1.0"?>
<opencv_storage>
<faceData type_id="opencv-matrix">
  <rows>29</rows>
  <cols>128</cols>
  <dt>d</dt>
  <data>
    0. 2.6041666666666661e-04 5.2083333333333321e-04
    7.8125000000000000e-04 1.0416666666666665e-03 1.3020833333333330e-03
    1.5625000000000000e-03 1.8229166666666671e-03 2.0833333333333330e-03
    2.3437500000000000e-03 2.6041666666666661e-03 2.8645833333333321e-03
    3.1250000000000000e-03 3.3854166666666674e-03 3.6458333333333339e-03
    3.9062500000000000e-03 4.1666666666666661e-03 4.4270833333333321e-03
    4.6875000000000000e-03 4.9479166666666661e-03 5.2083333333333321e-03
    5.4687500000000000e-03 5.7291666666666661e-03 5.9895833333333339e-03
    6.2500000000000000e-03 6.5104166666666687e-03 6.7708333333333348e-03
    7.0312500000000000e-03 7.2916666666666679e-03 7.5520833333333321e-03
    7.8125000000000000e-03 8.0729166666666679e-03 8.3333333333333321e-03
    8.5937500000000000e-03 8.8541666666666643e-03 9.1145833333333357e-03
    9.3750000000000000e-03 9.6354166666666679e-03 9.8958333333333321e-03
    1.0156250000000000e-02 1.0416666666666665e-02 1.0677083333333335e-02
    1.0937500000000000e-02 1.1197916666666670e-02 1.1458333333333333e-02
    1.1718750000000000e-02 1.1979166666666667e-02 1.2239583333333330e-02
    1.2500000000000000e-02 1.2760416666666665e-02 1.3020833333333337e-02
    1.3281250000000000e-02 1.3541666666666672e-02 1.3802083333333328e-02
    1.4062500000000000e-02 1.4322916666666663e-02 1.4583333333333335e-02
    1.4843750000000000e-02 1.5104166666666663e-02 1.5364583333333330e-02
    1.5625000000000000e-02 1.5885416666666663e-02 1.6145833333333335e-02
    1.6406250000000000e-02 1.6666666666666663e-02 1.6927083333333329e-02
    1.7187500000000000e-02 1.7447916666666671e-02 1.7708333333333329e-02
    1.7968750000000000e-02 1.8229166666666671e-02 1.8489583333333337e-02
    1.8750000000000000e-02 1.9010416666666664e-02 1.9270833333333337e-02
    1.9531250000000000e-02 1.9791666666666663e-02 2.0052083333333335e-02
    2.0312500000000000e-02 2.0572916666666661e-02 2.0833333333333330e-02
    2.1093750000000000e-02 2.1354166666666670e-02 2.1614583333333330e-02
    2.1875000000000000e-02 2.2135416666666670e-02 2.2395833333333339e-02
    2.2656250000000000e-02 2.2916666666666665e-02 2.3177083333333344e-02
    2.3437500000000000e-02 2.3697916666666656e-02 2.3958333333333335e-02
    2.4218750000000000e-02 2.4479166666666661e-02 2.4739583333333330e-02
    2.5000000000000000e-02 2.5260416666666670e-02 2.5520833333333330e-02
    2.5781250000000000e-02 2.6041666666666674e-02 2.6302083333333326e-02
    2.6562500000000000e-02 2.6822916666666661e-02 2.7083333333333344e-02
    2.7343750000000000e-02 2.7604166666666656e-02 2.7864583333333339e-02
    2.8125000000000000e-02 2.8385416666666675e-02 2.8645833333333325e-02
    2.8906250000000000e-02 2.9166666666666670e-02 2.9427083333333330e-02
    2.9687500000000000e-02 2.9947916666666675e-02 3.0208333333333326e-02
    3.0468750000000000e-02 3.0729166666666661e-02 3.0989583333333344e-02
    3.1250000000000000e-02 3.1510416666666656e-02 3.1770833333333326e-02
    3.2031250000000000e-02 3.2291666666666670e-02 3.2552083333333344e-02
    3.2812500000000000e-02 3.3072916666666674e-02 0.
    5.2083333333333321e-04 1.0416666666666665e-03 1.5625000000000000e-03
    2.0833333333333330e-03 2.6041666666666661e-03 3.1250000000000000e-03
    3.6458333333333339e-03 4.1666666666666661e-03 4.6875000000000000e-03
    5.2083333333333321e-03 5.7291666666666661e-03 6.2500000000000000e-03
    6.7708333333333348e-03 7.2916666666666679e-03 7.8125000000000000e-03
    8.3333333333333321e-03 8.8541666666666643e-03 9.3750000000000000e-03
    9.8958333333333321e-03 1.0416666666666665e-02 1.0937500000000000e-02
    1.1458333333333333e-02 1.1979166666666667e-02 1.2500000000000000e-02
    1.3020833333333337e-02 1.3541666666666672e-02 1.4062500000000000e-02
    1.4583333333333335e-02 1.5104166666666663e-02 1.5625000000000000e-02
    1.6145833333333335e-02 1.6666666666666663e-02 1.7187500000000000e-02
    1.7708333333333329e-02 1.8229166666666671e-02 1.8750000000000000e-02
    1.9270833333333337e-02 1.9791666666666663e-02 2.0312500000000000e-02
    2.0833333333333330e-02 2.1354166666666670e-02 2.1875000000000000e-02
    2.2395833333333339e-02 2.2916666666666665e-02 2.3437500000000000e-02
    2.3958333333333335e-02 2.4479166666666661e-02 2.5000000000000000e-02
    2.5520833333333330e-02 2.6041666666666674e-02 2.6562500000000000e-02
    2.7083333333333344e-02 2.7604166666666656e-02 2.8125000000000000e-02
    2.8645833333333325e-02 2.9166666666666670e-02 2.9687500000000000e-02
    3.0208333333333326e-02 3.0729166666666661e-02 3.1250000000000000e-02
    3.1770833333333326e-02 3.2291666666666670e-02 3.2812500000000000e-02
    3.3333333333333326e-02 3.3854166666666656e-02 3.4375000000000000e-02
    3.4895833333333344e-02 3.5416666666666656e-02 3.5937500000000000e-02
    3.6458333333333339e-02 3.6979166666666674e-02 3.7500000000000000e-02
    3.8020833333333330e-02 3.8541666666666675e-02 3.9062500000000000e-02
    3.9583333333333325e-02 4.0104166666666670e-02 4.0625000000000000e-02
    4.1145833333333321e-02 4.1666666666666661e-02 4.2187500000000000e-02
    4.2708333333333339e-02 4.3229166666666661e-02 4.3750000000000000e-02
    4.4270833333333339e-02 4.4791666666666679e-02 4.5312500000000000e-02
    4.5833333333333330e-02 4.6354166666666687e-02 4.6875000000000000e-02
    4.7395833333333313e-02 4.7916666666666670e-02 4.8437500000000000e-02
    4.8958333333333321e-02 4.9479166666666661e-02 5.0000000000000000e-02
    5.0520833333333339e-02 5.1041666666666661e-02 5.1562500000000000e-02
    5.2083333333333339e-02 5.2604166666666661e-02 5.3125000000000000e-02
    5.3645833333333321e-02 5.4166666666666687e-02 5.4687500000000000e-02
    5.5208333333333313e-02 5.5729166666666679e-02 5.6250000000000000e-02
    5.6770833333333339e-02 5.7291666666666661e-02 5.7812500000000000e-02
    5.8333333333333339e-02 5.8854166666666661e-02 5.9375000000000000e-02
    5.9895833333333339e-02 6.0416666666666661e-02 6.0937500000000000e-02
    6.1458333333333321e-02 6.1979166666666687e-02 6.2500000000000000e-02
    6.3020833333333313e-02 6.3541666666666661e-02 6.4062500000000000e-02
    6.4583333333333339e-02 6.5104166666666687e-02 6.5625000000000000e-02
    6.6145833333333339e-02 0. 7.8125000000000000e-04
    1.5625000000000000e-03 2.3437500000000000e-03 3.1250000000000000e-03
    3.9062500000000000e-03 4.6875000000000000e-03 5.4687500000000000e-03
    6.2500000000000000e-03 7.0312500000000000e-03 7.8125000000000000e-03
    8.5937500000000000e-03 9.3750000000000000e-03 1.0156250000000000e-02
    1.0937500000000000e-02 1.1718750000000000e-02 1.2500000000000000e-02
    1.3281250000000000e-02 1.4062500000000000e-02 1.4843750000000000e-02
    1.5625000000000000e-02 1.6406250000000000e-02 1.7187500000000000e-02
    1.7968750000000000e-02 1.8750000000000000e-02 1.9531250000000000e-02
    2.0312500000000000e-02 2.1093750000000000e-02 2.1875000000000000e-02
    2.2656250000000000e-02 2.3437500000000000e-02 2.4218750000000000e-02
    2.5000000000000000e-02 2.5781250000000000e-02 2.6562500000000000e-02
    2.7343750000000000e-02 2.8125000000000000e-02 2.8906250000000000e-02
    2.9687500000000000e-02 3.0468750000000000e-02 3.1250000000000000e-02
    3.2031250000000000e-02 3.2812500000000000e-02 3.3593750000000000e-02
    3.4375000000000000e-02 3.5156250000000000e-02 3.5937500000000000e-02
    3.6718750000000000e-02 3.7500000000000000e-02 3.8281250000000000e-02
    3.9062500000000000e-02 3.9843750000000000e-02 4.0625000000000000e-02
    4.1406250000000000e-02 4.2187500000000000e-02 4.2968750000000000e-02
    4.3750000000000000e-02 4.4531250000000000e-02 4.5312500000000000e-02
    4.6093750000000000e-02 4.6875000000000000e-02 4.7656250000000000e-02
    4.8437500000000000e-02 4.9218750000000000e-02 5.0000000000000000e-02
    5.0781250000000000e-02 5.1562500000000000e-02 5.2343750000000000e-02
